4.85229
55.8533
62.8723
-45.0073
59.3262
-56.4026
-19.1162
52.9419
22.4121
44.8486
21.5942
-50.6836
-78.1311
48.3093
-96.9788
37.854
33.2397
57.1167
26.3611
82.9895
58.9844
76.4954
-61.8408
58.4961
-62.3291
11.1328
63.1226
-26.0681
89.5325
-46.4111
-36.0901
-79.6875
4.54712
44.9463
84.1492
66.0828
-20.6116
89.0259
30.8594
34.8206
-90.5457
1.30615
-47.3938
-4.22974
-57.8064
73.9136
69.6045
98.5352
98.0347
-62.1643
-87.9761
-16.8457
65.1367
3.68042
-77.2339
-3.15552
74.2432
62.1765
-19.1162
48.6023
59.7778
25.7263
-97.9614
-67.0471
13.6475
92.157
72.1008
54.1138
-62.2314
-87.915
70.2209
-18.2434
-98.2849
40.9424
37.6038
-30.2856
11.6821
57.0923
48.2361
68.7683
-2.94189
27.1851
37.8235
-35.1257
20.7703
-99.9817
-52.832
-25.9888
19.7632
-89.8071
36.2488
-75.0916
-18.2495
-27.2583
25.2869
-39.0625
64.624
-49.9268
18.9575
-7.62329
