-79.6509
53.3264
67.5659
-37.4268
32.5928
-47.3816
-83.3435
9.14917
7.06177
-0.469971
-73.6938
-54.9194
56.5674
23.2971
-94.2505
-48.23
-90.3748
-79.9011
21.2402
66.1072
-51.3245
-36.5784
89.9353
23.8098
-95.0745
44.4946
83.5388
73.5291
41.1011
49.0967
22.9553
17.9077
53.302
76.8982
-54.8035
37.793
23.291
-90.3442
-76.178
-44.0552
52.3987
34.491
24.1577
96.4539
-91.6687
28.4668
-25.531
-3.94287
-83.8928
10.7727
34.4849
-76.2756
24.3896
-31.2866
42.3767
64.6545
78.4607
63.8
-78.4729
-75.0122
31.0913
-75.8423
28.2898
13.4705
-77.4597
29.4983
22.052
-43.6646
-39.0564
-5.05371
38.7939
-98.4009
-65.6311
59.9243
49.4141
-30.9021
85.73
-11.6272
-15.9424
2.48413
81.8542
86.554
-96.2769
-20.6177
7.92847
-55.3345
0.408936
-63.9832
18.6401
8.56323
-93.0298
-37.4146
-22.8882
-12.2314
98.053
-74.4934
-86.9263
6.10962
63.2202
72.9492
